-275.00 298.00 -292.00 270.00 -310.00 318.00
-216.00 288.00 -226.00 295.00 -234.00 286.00
-170.00 272.00 -129.00 310.00 -130.00 256.00
-88.00 270.00 -79.00 261.00 -83.00 277.00
-44.00 294.00 -44.00 274.00 -64.00 285.00
38.00 278.00 2.00 279.00 26.00 307.00
93.00 304.00 93.00 267.00 120.00 271.00
161.00 296.00 190.00 291.00 177.00 304.00
224.00 302.00 197.00 278.00 224.00 280.00
265.00 293.00 259.00 274.00 282.00 271.00
-307.00 214.00 -317.00 253.00 -267.00 228.00
-243.00 253.00 -204.00 246.00 -215.00 197.00
-179.00 229.00 -142.00 225.00 -170.00 211.00
-71.00 232.00 -100.00 235.00 -113.00 202.00
-22.00 255.00 -48.00 239.00 -13.00 212.00
22.00 255.00 63.00 211.00 11.00 196.00
89.00 240.00 85.00 207.00 112.00 206.00
157.00 211.00 168.00 226.00 132.00 228.00
225.00 255.00 204.00 203.00 236.00 226.00
283.00 214.00 276.00 238.00 264.00 196.00
-303.00 134.00 -320.00 186.00 -258.00 154.00
-216.00 170.00 -235.00 144.00 -218.00 144.00
-189.00 134.00 -143.00 171.00 -142.00 134.00
-95.00 190.00 -126.00 146.00 -126.00 189.00
-57.00 174.00 -22.00 179.00 -22.00 141.00
42.00 166.00 31.00 136.00 2.00 147.00
91.00 165.00 84.00 154.00 107.00 147.00
149.00 171.00 167.00 156.00 167.00 182.00
243.00 175.00 200.00 166.00 253.00 137.00
284.00 163.00 257.00 180.00 279.00 131.00
-320.00 117.00 -285.00 76.00 -266.00 121.00
-245.00 95.00 -252.00 67.00 -203.00 66.00
-137.00 74.00 -137.00 105.00 -186.00 80.00
-78.00 88.00 -86.00 117.00 -108.00 115.00
-28.00 80.00 -34.00 102.00 -13.00 94.00
38.00 78.00 23.00 68.00 12.00 78.00
87.00 64.00 67.00 109.00 109.00 118.00
191.00 100.00 178.00 76.00 143.00 114.00
203.00 116.00 220.00 68.00 249.00 97.00
311.00 64.00 259.00 99.00 293.00 103.00
-303.00 3.00 -286.00 43.00 -267.00 15.00
-221.00 23.00 -199.00 14.00 -204.00 56.00
-183.00 35.00 -187.00 6.00 -150.00 41.00
-82.00 50.00 -99.00 3.00 -125.00 42.00
-41.00 1.00 -35.00 41.00 -20.00 26.00
62.00 37.00 47.00 4.00 5.00 18.00
106.00 17.00 66.00 11.00 107.00 50.00
184.00 1.00 152.00 20.00 184.00 30.00
234.00 24.00 221.00 27.00 223.00 44.00
263.00 51.00 286.00 56.00 270.00 21.00
-265.00 -63.00 -299.00 -52.00 -276.00 -33.00
-215.00 -19.00 -224.00 -1.00 -232.00 -15.00
-152.00 -1.00 -186.00 -3.00 -157.00 -35.00
-110.00 -56.00 -104.00 -47.00 -119.00 -51.00
-30.00 -59.00 -1.00 -30.00 -64.00 -7.00
10.00 -56.00 11.00 -38.00 21.00 -48.00
84.00 -24.00 82.00 -46.00 112.00 -42.00
160.00 -28.00 144.00 -12.00 133.00 -44.00
218.00 -38.00 227.00 -1.00 250.00 -50.00
314.00 -59.00 300.00 -8.00 282.00 -55.00
-299.00 -109.00 -305.00 -122.00 -279.00 -116.00
-200.00 -112.00 -204.00 -82.00 -236.00 -75.00
-192.00 -65.00 -129.00 -81.00 -149.00 -120.00
-123.00 -83.00 -90.00 -100.00 -103.00 -120.00
-22.00 -70.00 -15.00 -123.00 -48.00 -111.00
39.00 -107.00 56.00 -95.00 24.00 -71.00
67.00 -109.00 117.00 -128.00 110.00 -91.00
165.00 -97.00 135.00 -112.00 147.00 -125.00
225.00 -105.00 230.00 -65.00 199.00 -93.00
287.00 -118.00 300.00 -94.00 279.00 -89.00
-273.00 -186.00 -308.00 -142.00 -309.00 -184.00
-226.00 -156.00 -251.00 -144.00 -238.00 -180.00
-165.00 -184.00 -174.00 -187.00 -170.00 -171.00
-93.00 -159.00 -104.00 -159.00 -100.00 -172.00
-33.00 -129.00 -44.00 -150.00 -13.00 -140.00
1.00 -146.00 14.00 -184.00 36.00 -136.00
108.00 -188.00 76.00 -182.00 76.00 -147.00
158.00 -187.00 183.00 -140.00 138.00 -137.00
205.00 -142.00 241.00 -162.00 216.00 -191.00
303.00 -166.00 286.00 -161.00 302.00 -157.00
-294.00 -237.00 -263.00 -227.00 -316.00 -196.00
-197.00 -220.00 -227.00 -218.00 -224.00 -256.00
-153.00 -221.00 -180.00 -216.00 -158.00 -194.00
-72.00 -230.00 -82.00 -197.00 -122.00 -251.00
-17.00 -235.00 -42.00 -212.00 -19.00 -208.00
4.00 -216.00 19.00 -231.00 45.00 -212.00
83.00 -252.00 72.00 -201.00 117.00 -226.00
168.00 -249.00 143.00 -214.00 191.00 -206.00
205.00 -252.00 245.00 -248.00 231.00 -230.00
269.00 -208.00 311.00 -201.00 291.00 -234.00
-262.00 -316.00 -292.00 -272.00 -304.00 -302.00
-206.00 -282.00 -231.00 -260.00 -226.00 -290.00
-175.00 -285.00 -155.00 -300.00 -191.00 -300.00
-108.00 -294.00 -86.00 -286.00 -121.00 -264.00
-39.00 -271.00 -24.00 -286.00 -64.00 -294.00
37.00 -305.00 10.00 -287.00 55.00 -286.00
94.00 -296.00 68.00 -266.00 64.00 -305.00
134.00 -265.00 171.00 -316.00 175.00 -265.00
213.00 -277.00 227.00 -308.00 233.00 -271.00
297.00 -282.00 261.00 -270.00 299.00 -320.00
