16 6
-268.4601176329101 266.83538289993123 -161.33651574227508 191.07731348792439 -183.26462567566358 308.4572057260607
-78.3416524292119 196.1708721647549 -43.76715503812778 293.1086758054379 -122.21058957155812 286.84442830917277
51.458140535395586 287.88749281342564 14.652256130360364 201.83210439118514 118.8867331232968 235.15360594112815
236.04845364417343 200.49652183268478 242.62002570387727 242.1808393123091 299.54150142286187 195.90427426453806
-247.725563406697 98.88809228868168 -191.33034631356972 69.02332128527334 -301.3593021736933 55.97342878570778
-153.6386476374978 38.1098689089071 -66.40734640858585 16.51276195660177 -152.25970746744554 144.96899692914113
23.361964647905804 107.20660189440471 138.18367433615677 76.74503947706177 18.143851368288093 25.57522182621163
170.39898065719888 122.68904910761265 261.67113449447754 73.75722129578858 246.14130265208945 149.93050129994674
-280.04017786074087 -86.6255540750939 -212.51454041698864 -10.039692741726412 -194.23214890928182 -137.8941894100255
-9.457944167263122 -25.191641217030593 -6.664504870586228 -123.72867645515144 -67.21491633761309 -53.89335277292986
120.66733123967084 -158.20351466169203 61.95305724731014 -141.29993894178594 128.64852610529087 -98.25678196784828
227.386818236893 -57.822574027606635 295.77658349777914 -9.115291631637035 165.60040766080246 -17.235343790051587
-189.95404835307045 -225.7542187151036 -267.93857389985845 -288.521170608335 -245.01134730066858 -211.0364651889313
-115.96599934119318 -213.3251076944076 -20.307849344893214 -202.43438019861964 -42.561767023019286 -245.736308139241
102.1449892023443 -211.58395924624784 119.85848271552975 -273.98073199708875 153.2929533962567 -255.17152710807864
181.93199788532044 -287.36872675348485 308.3513480006831 -160.97471113940188 294.06753012329216 -270.22728731589723
